Full dataset test : (337, 1251)


0.6274509803921569
0.7647058823529411
0.45098039215686275

0.6274509803921569
0.7647058823529411
0.7450980392156863

With classifier  RF classification results are: 
 \begin{tabular}{lrrr}
\toprule
{} &  bombs &    svd &    ocf \\
\midrule
\textbf{4 } &  0.510 &  0.608 &  0.569 \\
\textbf{8 } &  0.608 &  0.608 &  0.569 \\
\textbf{12} &  0.549 &  0.667 &  0.647 \\
\textbf{16} &  0.608 &  0.647 &  0.588 \\
\textbf{20} &  0.686 &  0.608 &  0.608 \\
\textbf{24} &  0.627 &  0.667 &  0.608 \\
\textbf{28} &  0.608 &  0.608 &  0.647 \\
\textbf{32} &  0.627 &  0.686 &  0.627 \\
\bottomrule
\end{tabular}

With classifier  SVM classification results are: 
 \begin{tabular}{lrrr}
\toprule
{} &  bombs &    svd &    ocf \\
\midrule
\textbf{4 } &  0.549 &  0.667 &  0.627 \\
\textbf{8 } &  0.686 &  0.725 &  0.706 \\
\textbf{12} &  0.549 &  0.765 &  0.706 \\
\textbf{16} &  0.588 &  0.745 &  0.686 \\
\textbf{20} &  0.765 &  0.686 &  0.745 \\
\textbf{24} &  0.706 &  0.745 &  0.706 \\
\textbf{28} &  0.627 &  0.706 &  0.725 \\
\textbf{32} &  0.745 &  0.667 &  0.725 \\
\bottomrule
\end{tabular}

With classifier  MLP classification results are: 
 \begin{tabular}{lrrr}
\toprule
{} &  bombs &    svd &    ocf \\
\midrule
\textbf{4 } &  0.588 &  0.686 &  0.608 \\
\textbf{8 } &  0.549 &  0.608 &  0.569 \\
\textbf{12} &  0.588 &  0.647 &  0.588 \\
\textbf{16} &  0.647 &  0.686 &  0.529 \\
\textbf{20} &  0.608 &  0.647 &  0.549 \\
\textbf{24} &  0.627 &  0.627 &  0.588 \\
\textbf{28} &  0.588 &  0.647 &  0.549 \\
\textbf{32} &  0.627 &  0.667 &  0.569 \\
\bottomrule
\end{tabular}

SVD 12[  18  336  507  802  852  921 1018 1125 1162 1184 1222 1241]
OCF 20[  65  122  251  261  578  599  819  861  901 1013 1018 1039 1079 1133 1166 1190 1201 1203 1217 1221]

{'bombs': array([[1168, 1174, 1201, 1244,    0,    0,    0,    0,    0,    0,    0,
           0,    0,    0,    0,    0,    0,    0,    0,    0,    0,    0,
           0,    0,    0,    0,    0,    0,    0,    0,    0,    0],
       [1039, 1054, 1099, 1180, 1218, 1244, 1247, 1250,    0,    0,    0,
           0,    0,    0,    0,    0,    0,    0,    0,    0,    0,    0,
           0,    0,    0,    0,    0,    0,    0,    0,    0,    0],
       [ 963, 1118, 1174, 1210, 1212, 1214, 1215, 1218, 1226, 1227, 1230,
        1246,    0,    0,    0,    0,    0,    0,    0,    0,    0,    0,
           0,    0,    0,    0,    0,    0,    0,    0,    0,    0],
       [  25,  867,  980, 1038, 1134, 1135, 1136, 1148, 1175, 1188, 1190,
        1202, 1215, 1222, 1234, 1241,    0,    0,    0,    0,    0,    0,
           0,    0,    0,    0,    0,    0,    0,    0,    0,    0],
       [  65,  122,  251,  261,  578,  599,  819,  861,  901, 1013, 1018,
        1039, 1079, 1133, 1166, 1190, 1201, 1203, 1217, 1221,    0,    0,
           0,    0,    0,    0,    0,    0,    0,    0,    0,    0],
       [  50,   61,  115,  570,  897,  914,  958, 1010, 1014, 1058, 1081,
        1112, 1129, 1131, 1133, 1148, 1155, 1178, 1192, 1194, 1201, 1219,
        1223, 1244,    0,    0,    0,    0,    0,    0,    0,    0],
       [  13,   24,  480,  843,  904, 1057, 1090, 1099, 1124, 1134, 1149,
        1152, 1154, 1161, 1168, 1169, 1182, 1191, 1195, 1205, 1225, 1230,
        1231, 1233, 1234, 1242, 1243, 1245,    0,    0,    0,    0],
       [   9,   16,   46,   66,  880,  919, 1031, 1056, 1059, 1067, 1090,
        1093, 1126, 1139, 1157, 1166, 1181, 1191, 1196, 1199, 1203, 1214,
        1224, 1225, 1232, 1234, 1236, 1241, 1242, 1244, 1245, 1246]]), 
        
        'svd': array([[ 896, 1018, 1250,  502,    0,    0,    0,    0,    0,    0,    0,
           0,    0,    0,    0,    0,    0,    0,    0,    0,    0,    0,
           0,    0,    0,    0,    0,    0,    0,    0,    0,    0],
       [1231, 1018,  904,  835, 1189,  354,   18,  670,    0,    0,    0,
           0,    0,    0,    0,    0,    0,    0,    0,    0,    0,    0,
           0,    0,    0,    0,    0,    0,    0,    0,    0,    0],
       [1241, 1184, 1162, 1222, 1018, 1125,  921,   18,  852,  336,  802,
         507,    0,    0,    0,    0,    0,    0,    0,    0,    0,    0,
           0,    0,    0,    0,    0,    0,    0,    0,    0,    0],
       [1243, 1208, 1225, 1191, 1126, 1022, 1179, 1159, 1093, 1008,  851,
         921,   18,  350,  802,  559,    0,    0,    0,    0,    0,    0,
           0,    0,    0,    0,    0,    0,    0,    0,    0,    0],
       [1245, 1208, 1234, 1222, 1195, 1181, 1126, 1165, 1021, 1148, 1111,
        1053, 1009,   18,  895,  836,  958,  337,  435,  694,    0,    0,
           0,    0,    0,    0,    0,    0,    0,    0,    0,    0],
       [1247, 1235, 1207, 1195, 1222, 1126, 1112, 1181, 1017, 1164, 1149,
        1089, 1137, 1029, 1059, 1104,  994,   18,  799,  912,  852,  336,
         426,  685,    0,    0,    0,    0,    0,    0,    0,    0],
       [1248, 1236, 1208, 1017, 1224, 1196, 1112, 1125, 1186, 1165, 1152,
        1177, 1028, 1089, 1060, 1139, 1076, 1101, 1046,  999,  897,  952,
         800,   18,  845,  336,  426,  685,    0,    0,    0,    0],
       [1249, 1238, 1198, 1208, 1228, 1218, 1017, 1189, 1151, 1179, 1127,
        1108, 1140, 1162, 1089, 1077, 1118, 1028, 1051, 1003, 1063, 1170,
        1098,  983,  946,  798,   18,  897,  843,  336,  429,  686]]), 
        
        'ocf': array([[   1,  217,  883, 1047,    0,    0,    0,    0,    0,    0,    0,
           0,    0,    0,    0,    0,    0,    0,    0,    0,    0,    0,
           0,    0,    0,    0,    0,    0,    0,    0,    0,    0],
       [ 217,  413,  537,  629,  777,  883,  951, 1047,    0,    0,    0,
           0,    0,    0,    0,    0,    0,    0,    0,    0,    0,    0,
           0,    0,    0,    0,    0,    0,    0,    0,    0,    0],
       [   1,   79,  217,  413,  537,  629,  741,  777,  814,  833,  906,
        1047,    0,    0,    0,    0,    0,    0,    0,    0,    0,    0,
           0,    0,    0,    0,    0,    0,    0,    0,    0,    0],
       [   1,   79,  217,  264,  413,  537,  629,  692,  741,  777,  814,
         831,  906,  948,  981, 1047,    0,    0,    0,    0,    0,    0,
           0,    0,    0,    0,    0,    0,    0,    0,    0,    0],
       [   1,   36,  126,  181,  217,  311,  413,  496,  537,  581,  629,
         741,  777,  814,  829,  883,  885,  945,  981, 1047,    0,    0,
           0,    0,    0,    0,    0,    0,    0,    0,    0,    0],
       [   1,   36,  126,  181,  217,  264,  340,  413,  468,  537,  581,
         585,  629,  692,  715,  741,  777,  814,  829,  883,  885,  945,
         980, 1047,    0,    0,    0,    0,    0,    0,    0,    0],
       [   1,   22,   36,  120,  181,  217,  264,  315,  413,  468,  537,
         575,  581,  600,  629,  692,  715,  741,  777,  809,  814,  828,
         851,  883,  884,  944,  979, 1047,    0,    0,    0,    0],
       [   1,   22,   36,  110,  126,  181,  217,  232,  264,  315,  413,
         468,  537,  575,  581,  600,  629,  669,  677,  692,  741,  767,
         777,  814,  827,  851,  863,  883,  921,  943,  979, 1047]])}