TODAS LAS CLASES:

(2033, 4)
Processing:  EGCSR 4
rf---0.3442622950819672
svm---0.3901639344262295
nn---0.36065573770491804
(2033, 8)
Processing:  EGCSR 8
0.380327868852459
0.4524590163934426
0.3836065573770492
(2033, 12)
Processing:  EGCSR 12
0.4131147540983607
0.4918032786885246
0.36721311475409835
(2033, 16)
Processing:  EGCSR 16
0.4098360655737705
0.5147540983606558
0.4098360655737705
(2033, 20)
Processing:  EGCSR 20
0.4262295081967213
0.5147540983606558
0.35737704918032787
(2033, 24)
Processing:  EGCSR 24
0.4426229508196721
0.5180327868852459
0.39672131147540984
(2033, 28)
Processing:  EGCSR 28
0.45901639344262296
0.5311475409836065
0.39344262295081966
(2033, 32)
Processing:  EGCSR 32
0.47540983606557374
0.5409836065573771
0.4721311475409836
(2033, 4)
Processing:  bombs 4
0.4918032786885246
0.5508196721311476
0.45901639344262296
(2033, 8)
Processing:  bombs 8
0.46557377049180326
0.6229508196721312
0.47540983606557374
(2033, 12)
Processing:  bombs 12
0.4786885245901639
0.6327868852459017
0.4918032786885246
(2033, 16)
Processing:  bombs 16
0.5147540983606558
0.659016393442623
0.5540983606557377
(2033, 20)
Processing:  bombs 20
0.5147540983606558
0.6524590163934426
0.5901639344262295
(2033, 24)
Processing:  bombs 24
0.5409836065573771
0.6459016393442623
0.4786885245901639
(2033, 28)
Processing:  bombs 28
0.5409836065573771
0.6786885245901639
0.4491803278688525
(2033, 32)
Processing:  bombs 32
0.5311475409836065
0.6262295081967213
0.43278688524590164
(2033, 4)
Processing:  svd 4
0.5114754098360655
0.4786885245901639
0.419672131147541
(2033, 8)
Processing:  svd 8
0.5245901639344263
0.6491803278688525
0.5344262295081967
(2033, 12)
Processing:  svd 12
0.5245901639344263
0.6524590163934426
0.5377049180327869
(2033, 16)
Processing:  svd 16
0.5475409836065573
0.6426229508196721
0.5508196721311476
(2033, 20)
Processing:  svd 20
0.5442622950819672
0.6819672131147541
0.5475409836065573
(2033, 24)
Processing:  svd 24
0.5377049180327869
0.7016393442622951
0.419672131147541
(2033, 28)
Processing:  svd 28
0.5377049180327869
0.6852459016393443
0.49836065573770494
(2033, 32)
Processing:  svd 32
0.5081967213114754
0.6786885245901639
0.5540983606557377



CLASES 25 Y 100

(1016, 4)
Processing:  EGCSR 4
0.5686274509803921
0.6209150326797386
0.5294117647058824
(1016, 8)
Processing:  EGCSR 8
0.6928104575163399
0.7254901960784313
0.6993464052287581
(1016, 12)
Processing:  EGCSR 12
0.7124183006535948
0.7908496732026143
0.6993464052287581
(1016, 16)
Processing:  EGCSR 16
0.7712418300653595
0.8300653594771242
0.7058823529411765
(1016, 20)
Processing:  EGCSR 20
0.7777777777777778
0.8104575163398693
0.6993464052287581
(1016, 24)
Processing:  EGCSR 24
0.7908496732026143
0.803921568627451
0.7124183006535948
(1016, 28)
Processing:  EGCSR 28
0.7908496732026143
0.803921568627451
0.673202614379085
(1016, 32)
Processing:  EGCSR 32
0.8104575163398693
0.8169934640522876
0.7189542483660131
(1016, 4)
Processing:  bombs 4
0.8300653594771242
0.8888888888888888
0.8366013071895425
(1016, 8)
Processing:  bombs 8
0.8235294117647058
0.9084967320261438
0.8169934640522876
(1016, 12)
Processing:  bombs 12
0.8300653594771242
0.8888888888888888
0.8104575163398693
(1016, 16)
Processing:  bombs 16
0.8562091503267973
0.9084967320261438
0.7973856209150327
(1016, 20)
Processing:  bombs 20
0.8431372549019608
0.9150326797385621
0.8431372549019608
(1016, 24)  
Processing:  bombs 24
0.8431372549019608
0.9215686274509803
0.8496732026143791
(1016, 28)
Processing:  bombs 28
0.8431372549019608
0.9084967320261438
0.803921568627451
(1016, 32)
Processing:  bombs 32
0.8431372549019608
0.8758169934640523
0.8300653594771242
(1016, 4)
Processing:  svd 4
0.8300653594771242
0.8169934640522876
0.7647058823529411
(1016, 8)
Processing:  svd 8
0.8496732026143791
0.869281045751634
0.8104575163398693
(1016, 12)
Processing:  svd 12
0.8366013071895425
0.8954248366013072
0.8104575163398693
(1016, 16)
Processing:  svd 16
0.8366013071895425
0.9019607843137255
0.7973856209150327
(1016, 20)
Processing:  svd 20
0.8496732026143791
0.9019607843137255
0.7973856209150327
(1016, 24)
Processing:  svd 24
0.8496732026143791
0.9150326797385621
0.803921568627451
(1016, 28)
Processing:  svd 28
0.8496732026143791
0.9215686274509803
0.7973856209150327
(1016, 32)
Processing:  svd 32
0.8431372549019608
0.9215686274509803
0.7450980392156863

bandas correspondientes 

{'EGCSR': array([[1391, 1280, 1295, 1482,    0,    0,    0,    0,    0,    0,    0,
           0,    0,    0,    0,    0,    0,    0,    0,    0,    0,    0,
           0,    0,    0,    0,    0,    0,    0,    0,    0,    0],
       [ 757,  758, 1287, 1275, 1391, 1280, 1295, 1482,    0,    0,    0,
           0,    0,    0,    0,    0,    0,    0,    0,    0,    0,    0,
           0,    0,    0,    0,    0,    0,    0,    0,    0,    0],
       [ 755,  760,  756,  759,  757,  758, 1287, 1275, 1391, 1280, 1295,
        1482,    0,    0,    0,    0,    0,    0,    0,    0,    0,    0,
           0,    0,    0,    0,    0,    0,    0,    0,    0,    0],
       [ 762,  753,  754,  761,  755,  760,  756,  759,  757,  758, 1287,
        1275, 1391, 1280, 1295, 1482,    0,    0,    0,    0,    0,    0,
           0,    0,    0,    0,    0,    0,    0,    0,    0,    0],
       [ 764,  751,  763,  752,  762,  753,  754,  761,  755,  760,  756,
         759,  757,  758, 1287, 1275, 1391, 1280, 1295, 1482,    0,    0,
           0,    0,    0,    0,    0,    0,    0,    0,    0,    0],
       [ 748,  749,  765,  750,  764,  751,  763,  752,  762,  753,  754,
         761,  755,  760,  756,  759,  757,  758, 1287, 1275, 1391, 1280,
        1295, 1482,    0,    0,    0,    0,    0,    0,    0,    0],
       [ 746,  767,  747,  766,  748,  749,  765,  750,  764,  751,  763,
         752,  762,  753,  754,  761,  755,  760,  756,  759,  757,  758,
        1287, 1275, 1391, 1280, 1295, 1482,    0,    0,    0,    0],
       [ 744,  769,  745,  768,  746,  767,  747,  766,  748,  749,  765,
         750,  764,  751,  763,  752,  762,  753,  754,  761,  755,  760,
         756,  759,  757,  758, 1287, 1275, 1391, 1280, 1295, 1482]]), 'bombs': array([[ 339,  521,  880, 1205,    0,    0,    0,    0,    0,    0,    0,
           0,    0,    0,    0,    0,    0,    0,    0,    0,    0,    0,
           0,    0,    0,    0,    0,    0,    0,    0,    0,    0],
       [ 381,  519,  697,  915,  972, 1113, 1186, 1310,    0,    0,    0,
           0,    0,    0,    0,    0,    0,    0,    0,    0,    0,    0,
           0,    0,    0,    0,    0,    0,    0,    0,    0,    0],
       [ 195,  212,  233,  310,  315,  872,  946, 1079, 1288, 1383, 1417,
        1438,    0,    0,    0,    0,    0,    0,    0,    0,    0,    0,
           0,    0,    0,    0,    0,    0,    0,    0,    0,    0],
       [  44,   87,  131,  186,  226,  369,  694,  703,  734,  973, 1126,
        1180, 1303, 1336, 1342, 1441,    0,    0,    0,    0,    0,    0,
           0,    0,    0,    0,    0,    0,    0,    0,    0,    0],
       [  35,  185,  211,  242,  389,  426,  464,  494,  531,  561,  702,
         703,  834,  876,  888, 1122, 1166, 1410, 1448, 1454,    0,    0,
           0,    0,    0,    0,    0,    0,    0,    0,    0,    0],
       [   6,  135,  160,  163,  225,  244,  419,  429,  523,  624,  697,
         811,  848,  946, 1109, 1146, 1257, 1305, 1316, 1322, 1326, 1364,
        1417, 1447,    0,    0,    0,    0,    0,    0,    0,    0],
       [ 109,  165,  207,  470,  528,  697,  703,  730,  777,  808,  859,
         866,  904,  921,  931, 1022, 1030, 1053, 1064, 1184, 1197, 1220,
        1226, 1313, 1388, 1414, 1450, 1457,    0,    0,    0,    0],
       [   8,   82,  157,  382,  441,  475,  486,  557,  619,  800,  807,
         825, 1019, 1033, 1034, 1050, 1053, 1076, 1088, 1119, 1129, 1187,
        1247, 1266, 1280, 1288, 1334, 1336, 1376, 1401, 1412, 1424]]), 'svd': array([[ 782,    8,  711, 1474,    0,    0,    0,    0,    0,    0,    0,
           0,    0,    0,    0,    0,    0,    0,    0,    0,    0,    0,
           0,    0,    0,    0,    0,    0,    0,    0,    0,    0],
       [1480,  777,  701,  212, 1305,    8,  332,  949,    0,    0,    0,
           0,    0,    0,    0,    0,    0,    0,    0,    0,    0,    0,
           0,    0,    0,    0,    0,    0,    0,    0,    0,    0],
       [1477,  662,  725, 1442,  788,  192,  289,    8, 1326,  865, 1121,
         547,    0,    0,    0,    0,    0,    0,    0,    0,    0,    0,
           0,    0,    0,    0,    0,    0,    0,    0,    0,    0],
       [1481, 1472, 1450, 1462, 1438,  661,  725,  788,  192, 1374,    8,
         288, 1280,  848, 1059,  539,    0,    0,    0,    0,    0,    0,
           0,    0,    0,    0,    0,    0,    0,    0,    0,    0],
       [1481, 1474, 1457, 1466, 1449, 1439, 1414, 1427, 1401,  660,  725,
         788,    9,  192,  692, 1294,  285,  864, 1121,  551,    0,    0,
           0,    0,    0,    0,    0,    0,    0,    0,    0,    0],
       [1483, 1477, 1471, 1464, 1457, 1449, 1441, 1433, 1414, 1424, 1404,
        1391, 1375,  660,    9,  734,  791,  694,  192, 1294,  285, 1121,
         884,  555,    0,    0,    0,    0,    0,    0,    0,    0],
       [1483, 1477, 1471, 1465, 1458, 1450, 1442, 1435, 1428, 1420, 1413,
        1404, 1393, 1381, 1363, 1346, 1454,  660,    9,  734,  791,  695,
        1294,  192,  285, 1121,  884,  555,    0,    0,    0,    0],
       [1483, 1477, 1471, 1465, 1458, 1441, 1448, 1434, 1427, 1420, 1453,
        1413, 1404, 1396, 1382, 1359, 1371, 1346, 1390, 1328, 1299,   11,
         660,  734,  792,  695,  192, 1254,  285, 1121,  884,  554]])}
