   4.5024244e+02
   4.5061412e+02
   4.5098575e+02
   4.5135734e+02
   4.5172889e+02
   4.5210039e+02
   4.5247185e+02
   4.5284327e+02
   4.5321464e+02
   4.5358597e+02
   4.5395725e+02
   4.5432849e+02
   4.5469969e+02
   4.5507084e+02
   4.5544195e+02
   4.5581302e+02
   4.5618404e+02
   4.5655502e+02
   4.5692595e+02
   4.5729684e+02
   4.5766769e+02
   4.5803849e+02
   4.5840925e+02
   4.5877997e+02
   4.5915064e+02
   4.5952127e+02
   4.5989185e+02
   4.6026240e+02
   4.6063289e+02
   4.6100335e+02
   4.6137375e+02
   4.6174412e+02
   4.6211444e+02
   4.6248472e+02
   4.6285495e+02
   4.6322514e+02
   4.6359529e+02
   4.6396539e+02
   4.6433545e+02
   4.6470546e+02
   4.6507543e+02
   4.6544536e+02
   4.6581524e+02
   4.6618508e+02
   4.6655488e+02
   4.6692463e+02
   4.6729433e+02
   4.6766400e+02
   4.6803362e+02
   4.6840319e+02
   4.6877272e+02
   4.6914221e+02
   4.6951165e+02
   4.6988105e+02
   4.7025040e+02
   4.7061972e+02
   4.7098898e+02
   4.7135821e+02
   4.7172738e+02
   4.7209652e+02
   4.7246561e+02
   4.7283466e+02
   4.7320366e+02
   4.7357262e+02
   4.7394153e+02
   4.7431040e+02
   4.7467923e+02
   4.7504801e+02
   4.7541675e+02
   4.7578544e+02
   4.7615409e+02
   4.7652270e+02
   4.7689126e+02
   4.7725978e+02
   4.7762825e+02
   4.7799668e+02
   4.7836506e+02
   4.7873340e+02
   4.7910170e+02
   4.7946995e+02
   4.7983816e+02
   4.8020632e+02
   4.8057444e+02
   4.8094252e+02
   4.8131055e+02
   4.8167854e+02
   4.8204648e+02
   4.8241438e+02
   4.8278223e+02
   4.8315004e+02
   4.8351781e+02
   4.8388553e+02
   4.8425321e+02
   4.8462084e+02
   4.8498843e+02
   4.8535597e+02
   4.8572347e+02
   4.8609093e+02
   4.8645834e+02
   4.8682571e+02
   4.8719303e+02
   4.8756031e+02
   4.8792754e+02
   4.8829473e+02
   4.8866188e+02
   4.8902898e+02
   4.8939604e+02
   4.8976305e+02
   4.9013001e+02
   4.9049694e+02
   4.9086382e+02
   4.9123065e+02
   4.9159744e+02
   4.9196419e+02
   4.9233089e+02
   4.9269754e+02
   4.9306416e+02
   4.9343072e+02
   4.9379725e+02
   4.9416373e+02
   4.9453016e+02
   4.9489655e+02
   4.9526290e+02
   4.9562920e+02
   4.9599545e+02
   4.9636167e+02
   4.9672783e+02
   4.9709396e+02
   4.9746003e+02
   4.9782607e+02
   4.9819206e+02
   4.9855800e+02
   4.9892390e+02
   4.9928976e+02
   4.9965557e+02
   5.0002133e+02
   5.0038705e+02
   5.0075273e+02
   5.0111836e+02
   5.0148395e+02
   5.0184950e+02
   5.0221499e+02
   5.0258045e+02
   5.0294586e+02
   5.0331122e+02
   5.0367654e+02
   5.0404182e+02
   5.0440705e+02
   5.0477223e+02
   5.0513737e+02
   5.0550247e+02
   5.0586752e+02
   5.0623253e+02
   5.0659749e+02
   5.0696241e+02
   5.0732728e+02
   5.0769211e+02
   5.0805689e+02
   5.0842163e+02
   5.0878633e+02
   5.0915098e+02
   5.0951558e+02
   5.0988014e+02
   5.1024465e+02
   5.1060912e+02
   5.1097355e+02
   5.1133793e+02
   5.1170226e+02
   5.1206656e+02
   5.1243080e+02
   5.1279500e+02
   5.1315916e+02
   5.1352327e+02
   5.1388734e+02
   5.1425136e+02
   5.1461533e+02
   5.1497927e+02
   5.1534315e+02
   5.1570699e+02
   5.1607079e+02
   5.1643454e+02
   5.1679825e+02
   5.1716191e+02
   5.1752553e+02
   5.1788910e+02
   5.1825263e+02
   5.1861611e+02
   5.1897955e+02
   5.1934294e+02
   5.1970629e+02
   5.2006959e+02
   5.2043285e+02
   5.2079606e+02
   5.2115923e+02
   5.2152235e+02
   5.2188543e+02
   5.2224846e+02
   5.2261145e+02
   5.2297439e+02
   5.2333729e+02
   5.2370014e+02
   5.2406295e+02
   5.2442571e+02
   5.2478843e+02
   5.2515110e+02
   5.2551373e+02
   5.2587631e+02
   5.2623885e+02
   5.2660134e+02
   5.2696379e+02
   5.2732619e+02
   5.2768854e+02
   5.2805085e+02
   5.2841312e+02
   5.2877534e+02
   5.2913752e+02
   5.2949965e+02
   5.2986173e+02
   5.3022377e+02
   5.3058577e+02
   5.3094772e+02
   5.3130962e+02
   5.3167148e+02
   5.3203329e+02
   5.3239506e+02
   5.3275679e+02
   5.3311846e+02
   5.3348010e+02
   5.3384169e+02
   5.3420323e+02
   5.3456473e+02
   5.3492618e+02
   5.3528758e+02
   5.3564895e+02
   5.3601026e+02
   5.3637153e+02
   5.3673276e+02
   5.3709394e+02
   5.3745507e+02
   5.3781616e+02
   5.3817721e+02
   5.3853820e+02
   5.3889916e+02
   5.3926007e+02
   5.3962093e+02
   5.3998175e+02
   5.4034252e+02
   5.4070324e+02
   5.4106393e+02
   5.4142456e+02
   5.4178515e+02
   5.4214570e+02
   5.4250620e+02
   5.4286665e+02
   5.4322706e+02
   5.4358742e+02
   5.4394774e+02
   5.4430801e+02
   5.4466824e+02
   5.4502842e+02
   5.4538855e+02
   5.4574864e+02
   5.4610869e+02
   5.4646869e+02
   5.4682864e+02
   5.4718855e+02
   5.4754841e+02
   5.4790823e+02
   5.4826800e+02
   5.4862773e+02
   5.4898741e+02
   5.4934704e+02
   5.4970663e+02
   5.5006618e+02
   5.5042567e+02
   5.5078513e+02
   5.5114453e+02
   5.5150389e+02
   5.5186321e+02
   5.5222248e+02
   5.5258170e+02
   5.5294088e+02
   5.5330002e+02
   5.5365910e+02
   5.5401814e+02
   5.5437714e+02
   5.5473609e+02
   5.5509500e+02
   5.5545386e+02
   5.5581267e+02
   5.5617144e+02
   5.5653016e+02
   5.5688883e+02
   5.5724746e+02
   5.5760605e+02
   5.5796459e+02
   5.5832308e+02
   5.5868153e+02
   5.5903993e+02
   5.5939829e+02
   5.5975660e+02
   5.6011486e+02
   5.6047308e+02
   5.6083125e+02
   5.6118938e+02
   5.6154746e+02
   5.6190550e+02
   5.6226349e+02
   5.6262143e+02
   5.6297933e+02
   5.6333718e+02
   5.6369499e+02
   5.6405275e+02
   5.6441046e+02
   5.6476813e+02
   5.6512575e+02
   5.6548333e+02
   5.6584086e+02
   5.6619835e+02
   5.6655578e+02
   5.6691318e+02
   5.6727052e+02
   5.6762783e+02
   5.6798508e+02
   5.6834229e+02
   5.6869945e+02
   5.6905657e+02
   5.6941364e+02
   5.6977067e+02
   5.7012765e+02
   5.7048458e+02
   5.7084147e+02
   5.7119831e+02
   5.7155511e+02
   5.7191186e+02
   5.7226856e+02
   5.7262522e+02
   5.7298183e+02
   5.7333839e+02
   5.7369491e+02
   5.7405139e+02
   5.7440781e+02
   5.7476420e+02
   5.7512053e+02
   5.7547682e+02
   5.7583306e+02
   5.7618926e+02
   5.7654541e+02
   5.7690151e+02
   5.7725757e+02
   5.7761358e+02
   5.7796955e+02
   5.7832547e+02
   5.7868134e+02
   5.7903717e+02
   5.7939295e+02
   5.7974869e+02
   5.8010438e+02
   5.8046002e+02
   5.8081562e+02
   5.8117117e+02
   5.8152667e+02
   5.8188213e+02
   5.8223754e+02
   5.8259291e+02
   5.8294823e+02
   5.8330350e+02
   5.8365873e+02
   5.8401391e+02
   5.8436904e+02
   5.8472413e+02
   5.8507917e+02
   5.8543417e+02
   5.8578912e+02
   5.8614402e+02
   5.8649888e+02
   5.8685369e+02
   5.8720845e+02
   5.8756317e+02
   5.8791784e+02
   5.8827246e+02
   5.8862704e+02
   5.8898157e+02
   5.8933606e+02
   5.8969050e+02
   5.9004489e+02
   5.9039924e+02
   5.9075354e+02
   5.9110779e+02
   5.9146200e+02
   5.9181616e+02
   5.9217027e+02
   5.9252434e+02
   5.9287836e+02
   5.9323234e+02
   5.9358627e+02
   5.9394015e+02
   5.9429399e+02
   5.9464778e+02
   5.9500152e+02
   5.9535521e+02
   5.9570886e+02
   5.9606247e+02
   5.9641602e+02
   5.9676953e+02
   5.9712300e+02
   5.9747642e+02
   5.9782979e+02
   5.9818311e+02
   5.9853639e+02
   5.9888962e+02
   5.9924280e+02
   5.9959594e+02
   5.9994903e+02
   6.0030208e+02
   6.0065507e+02
   6.0100803e+02
   6.0136093e+02
   6.0171379e+02
   6.0206660e+02
   6.0241937e+02
   6.0277208e+02
   6.0312476e+02
   6.0347738e+02
   6.0382996e+02
   6.0418249e+02
   6.0453498e+02
   6.0488741e+02
   6.0523981e+02
   6.0559215e+02
   6.0594445e+02
   6.0629670e+02
   6.0664890e+02
   6.0700106e+02
   6.0735317e+02
   6.0770524e+02
   6.0805726e+02
   6.0840923e+02
   6.0876115e+02
   6.0911303e+02
   6.0946486e+02
   6.0981664e+02
   6.1016838e+02
   6.1052007e+02
   6.1087171e+02
   6.1122331e+02
   6.1157486e+02
   6.1192636e+02
   6.1227782e+02
   6.1262923e+02
   6.1298059e+02
   6.1333191e+02
   6.1368317e+02
   6.1403440e+02
   6.1438557e+02
   6.1473670e+02
   6.1508778e+02
   6.1543882e+02
   6.1578980e+02
   6.1614074e+02
   6.1649164e+02
   6.1684248e+02
   6.1719328e+02
   6.1754404e+02
   6.1789474e+02
   6.1824540e+02
   6.1859601e+02
   6.1894658e+02
   6.1929709e+02
   6.1964756e+02
   6.1999799e+02
   6.2034837e+02
   6.2069870e+02
   6.2104898e+02
   6.2139921e+02
   6.2174940e+02
   6.2209954e+02
   6.2244964e+02
   6.2279969e+02
   6.2314969e+02
   6.2349964e+02
   6.2384955e+02
   6.2419941e+02
   6.2454922e+02
   6.2489898e+02
   6.2524870e+02
   6.2559837e+02
   6.2594800e+02
   6.2629757e+02
   6.2664710e+02
   6.2699659e+02
   6.2734602e+02
   6.2769541e+02
   6.2804475e+02
   6.2839404e+02
   6.2874329e+02
   6.2909249e+02
   6.2944164e+02
   6.2979075e+02
   6.3013980e+02
   6.3048882e+02
   6.3083778e+02
   6.3118669e+02
   6.3153556e+02
   6.3188439e+02
   6.3223316e+02
   6.3258189e+02
   6.3293057e+02
   6.3327920e+02
   6.3362778e+02
   6.3397632e+02
   6.3432481e+02
   6.3467326e+02
   6.3502165e+02
   6.3537000e+02
   6.3571830e+02
   6.3606656e+02
   6.3641476e+02
   6.3676292e+02
   6.3711104e+02
   6.3745910e+02
   6.3780712e+02
   6.3815509e+02
   6.3850301e+02
   6.3885089e+02
   6.3919872e+02
   6.3954650e+02
   6.3989423e+02
   6.4024191e+02
   6.4058955e+02
   6.4093714e+02
   6.4128469e+02
   6.4163218e+02
   6.4197963e+02
   6.4232703e+02
   6.4267439e+02
   6.4302169e+02
   6.4336895e+02
   6.4371616e+02
   6.4406333e+02
   6.4441044e+02
   6.4475751e+02
   6.4510453e+02
   6.4545151e+02
   6.4579843e+02
   6.4614531e+02
   6.4649214e+02
   6.4683893e+02
   6.4718566e+02
   6.4753235e+02
   6.4787899e+02
   6.4822558e+02
   6.4857213e+02
   6.4891863e+02
   6.4926508e+02
   6.4961148e+02
   6.4995784e+02
   6.5030414e+02
   6.5065040e+02
   6.5099662e+02
   6.5134278e+02
   6.5168890e+02
   6.5203497e+02
   6.5238099e+02
   6.5272696e+02
   6.5307289e+02
   6.5341877e+02
   6.5376460e+02
   6.5411038e+02
   6.5445612e+02
   6.5480181e+02
   6.5514745e+02
   6.5549304e+02
   6.5583858e+02
   6.5618408e+02
   6.5652953e+02
   6.5687493e+02
   6.5722029e+02
   6.5756559e+02
   6.5791085e+02
   6.5825606e+02
   6.5860122e+02
   6.5894634e+02
   6.5929140e+02
   6.5963642e+02
   6.5998139e+02
   6.6032632e+02
   6.6067119e+02
   6.6101602e+02
   6.6136080e+02
   6.6170553e+02
   6.6205022e+02
   6.6239485e+02
   6.6273944e+02
   6.6308398e+02
   6.6342848e+02
   6.6377292e+02
   6.6411732e+02
   6.6446167e+02
   6.6480597e+02
   6.6515022e+02
   6.6549443e+02
   6.6583858e+02
   6.6618269e+02
   6.6652675e+02
   6.6687077e+02
   6.6721473e+02
   6.6755865e+02
   6.6790252e+02
   6.6824634e+02
   6.6859011e+02
   6.6893384e+02
   6.6927752e+02
   6.6962115e+02
   6.6996473e+02
   6.7030826e+02
   6.7065175e+02
   6.7099518e+02
   6.7133857e+02
   6.7168191e+02
   6.7202521e+02
   6.7236845e+02
   6.7271165e+02
   6.7305480e+02
   6.7339790e+02
   6.7374095e+02
   6.7408395e+02
   6.7442691e+02
   6.7476982e+02
   6.7511268e+02
   6.7545549e+02
   6.7579825e+02
   6.7614097e+02
   6.7648364e+02
   6.7682626e+02
   6.7716883e+02
   6.7751135e+02
   6.7785383e+02
   6.7819625e+02
   6.7853863e+02
   6.7888096e+02
   6.7922324e+02
   6.7956548e+02
   6.7990766e+02
   6.8024980e+02
   6.8059189e+02
   6.8093393e+02
   6.8127592e+02
   6.8161786e+02
   6.8195976e+02
   6.8230161e+02
   6.8264341e+02
   6.8298516e+02
   6.8332686e+02
   6.8366851e+02
   6.8401012e+02
   6.8435168e+02
   6.8469319e+02
   6.8503465e+02
   6.8537606e+02
   6.8571742e+02
   6.8605874e+02
   6.8640001e+02
   6.8674123e+02
   6.8708240e+02
   6.8742352e+02
   6.8776459e+02
   6.8810562e+02
   6.8844660e+02
   6.8878752e+02
   6.8912840e+02
   6.8946924e+02
   6.8981002e+02
   6.9015075e+02
   6.9049144e+02
   6.9083208e+02
   6.9117267e+02
   6.9151321e+02
   6.9185370e+02
   6.9219414e+02
   6.9253454e+02
   6.9287489e+02
   6.9321519e+02
   6.9355544e+02
   6.9389564e+02
   6.9423579e+02
   6.9457589e+02
   6.9491595e+02
   6.9525596e+02
   6.9559591e+02
   6.9593582e+02
   6.9627569e+02
   6.9661550e+02
   6.9695526e+02
   6.9729498e+02
   6.9763465e+02
   6.9797426e+02
   6.9831383e+02
   6.9865336e+02
   6.9899283e+02
   6.9933225e+02
   6.9967163e+02
   7.0001095e+02
   7.0035023e+02
   7.0068946e+02
   7.0102864e+02
   7.0136777e+02
   7.0170686e+02
   7.0204589e+02
   7.0238488e+02
   7.0272381e+02
   7.0306270e+02
   7.0340154e+02
   7.0374033e+02
   7.0407907e+02
   7.0441777e+02
   7.0475641e+02
   7.0509501e+02
   7.0543355e+02
   7.0577205e+02
   7.0611050e+02
   7.0644890e+02
   7.0678725e+02
   7.0712556e+02
   7.0746381e+02
   7.0780202e+02
   7.0814017e+02
   7.0847828e+02
   7.0881634e+02
   7.0915435e+02
   7.0949231e+02
   7.0983022e+02
   7.1016809e+02
   7.1050590e+02
   7.1084367e+02
   7.1118138e+02
   7.1151905e+02
   7.1185667e+02
   7.1219424e+02
   7.1253176e+02
   7.1286923e+02
   7.1320665e+02
   7.1354403e+02
   7.1388135e+02
   7.1421863e+02
   7.1455586e+02
   7.1489304e+02
   7.1523016e+02
   7.1556724e+02
   7.1590428e+02
   7.1624126e+02
   7.1657819e+02
   7.1691508e+02
   7.1725191e+02
   7.1758870e+02
   7.1792543e+02
   7.1826212e+02
   7.1859876e+02
   7.1893535e+02
   7.1927189e+02
   7.1960838e+02
   7.1994483e+02
   7.2028122e+02
   7.2061756e+02
   7.2095386e+02
   7.2129011e+02
   7.2162630e+02
   7.2196245e+02
   7.2229855e+02
   7.2263460e+02
   7.2297060e+02
   7.2330655e+02
   7.2364245e+02
   7.2397831e+02
   7.2431411e+02
   7.2464987e+02
   7.2498557e+02
   7.2532123e+02
   7.2565684e+02
   7.2599239e+02
   7.2632790e+02
   7.2666336e+02
   7.2699877e+02
   7.2733413e+02
   7.2766945e+02
   7.2800471e+02
   7.2833992e+02
   7.2867508e+02
   7.2901020e+02
   7.2934526e+02
   7.2968028e+02
   7.3001525e+02
   7.3035017e+02
   7.3068503e+02
   7.3101985e+02
   7.3135462e+02
   7.3168934e+02
   7.3202401e+02
   7.3235863e+02
   7.3269321e+02
   7.3302773e+02
   7.3336220e+02
   7.3369663e+02
   7.3403100e+02
   7.3436533e+02
   7.3469960e+02
   7.3503383e+02
   7.3536801e+02
   7.3570213e+02
   7.3603621e+02
   7.3637024e+02
   7.3670422e+02
   7.3703815e+02
   7.3737203e+02
   7.3770586e+02
   7.3803964e+02
   7.3837337e+02
   7.3870706e+02
   7.3904069e+02
   7.3937427e+02
   7.3970781e+02
   7.4004129e+02
   7.4037473e+02
   7.4070811e+02
   7.4104145e+02
   7.4137473e+02
   7.4170797e+02
   7.4204116e+02
   7.4237429e+02
   7.4270738e+02
   7.4304042e+02
   7.4337341e+02
   7.4370635e+02
   7.4403924e+02
   7.4437208e+02
   7.4470487e+02
   7.4503761e+02
   7.4537030e+02
   7.4570294e+02
   7.4603553e+02
   7.4636808e+02
   7.4670057e+02
   7.4703301e+02
   7.4736541e+02
   7.4769775e+02
   7.4803004e+02
   7.4836229e+02
   7.4869448e+02
   7.4902663e+02
   7.4935872e+02
   7.4969077e+02
   7.5002276e+02
   7.5035471e+02
   7.5068660e+02
   7.5101845e+02
   7.5135025e+02
   7.5168199e+02
   7.5201369e+02
   7.5234534e+02
   7.5267694e+02
   7.5300848e+02
   7.5333998e+02
   7.5367143e+02
   7.5400283e+02
   7.5433418e+02
   7.5466547e+02
   7.5499672e+02
   7.5532792e+02
   7.5565907e+02
   7.5599017e+02
   7.5632122e+02
   7.5665222e+02
   7.5698317e+02
   7.5731407e+02
   7.5764492e+02
   7.5797572e+02
   7.5830647e+02
   7.5863717e+02
   7.5896782e+02
   7.5929842e+02
   7.5962897e+02
   7.5995947e+02
   7.6028992e+02
   7.6062032e+02
   7.6095067e+02
   7.6128097e+02
   7.6161122e+02
   7.6194142e+02
   7.6227157e+02
   7.6260167e+02
   7.6293172e+02
   7.6326172e+02
   7.6359167e+02
   7.6392157e+02
   7.6425142e+02
   7.6458122e+02
   7.6491097e+02
   7.6524067e+02
   7.6557032e+02
   7.6589992e+02
   7.6622947e+02
   7.6655897e+02
   7.6688842e+02
   7.6721782e+02
   7.6754717e+02
   7.6787647e+02
   7.6820572e+02
   7.6853492e+02
   7.6886407e+02
   7.6919317e+02
   7.6952222e+02
   7.6985122e+02
   7.7018016e+02
   7.7050906e+02
   7.7083791e+02
   7.7116671e+02
   7.7149546e+02
   7.7182415e+02
   7.7215280e+02
   7.7248140e+02
   7.7280994e+02
   7.7313844e+02
   7.7346689e+02
   7.7379528e+02
   7.7412363e+02
   7.7445192e+02
   7.7478017e+02
   7.7510836e+02
   7.7543651e+02
   7.7576460e+02
   7.7609265e+02
   7.7642064e+02
   7.7674858e+02
   7.7707648e+02
   7.7740432e+02
   7.7773211e+02
   7.7805985e+02
   7.7838755e+02
   7.7871519e+02
   7.7904278e+02
   7.7937032e+02
   7.7969781e+02
   7.8002525e+02
   7.8035264e+02
   7.8067998e+02
   7.8100727e+02
   7.8133451e+02
   7.8166169e+02
   7.8198883e+02
   7.8231592e+02
   7.8264295e+02
   7.8296994e+02
   7.8329688e+02
   7.8362376e+02
   7.8395060e+02
   7.8427738e+02
   7.8460411e+02
   7.8493080e+02
   7.8525743e+02
   7.8558401e+02
   7.8591054e+02
   7.8623702e+02
   7.8656346e+02
   7.8688984e+02
   7.8721617e+02
   7.8754244e+02
   7.8786867e+02
   7.8819485e+02
   7.8852098e+02
   7.8884705e+02
   7.8917308e+02
   7.8949906e+02
   7.8982498e+02
   7.9015086e+02
   7.9047668e+02
   7.9080245e+02
   7.9112818e+02
   7.9145385e+02
   7.9177947e+02
   7.9210504e+02
   7.9243056e+02
   7.9275603e+02
   7.9308145e+02
   7.9340681e+02
   7.9373213e+02
   7.9405740e+02
   7.9438261e+02
   7.9470778e+02
   7.9503289e+02
   7.9535796e+02
   7.9568297e+02
   7.9600793e+02
   7.9633284e+02
   7.9665770e+02
   7.9698251e+02
   7.9730727e+02
   7.9763198e+02
   7.9795664e+02
   7.9828125e+02
   7.9860580e+02
   7.9893031e+02
   7.9925476e+02
   7.9957917e+02
   7.9990352e+02
   8.0022782e+02
   8.0055207e+02
   8.0087627e+02
   8.0120042e+02
   8.0152452e+02
   8.0184857e+02
   8.0217256e+02
   8.0249651e+02
   8.0282041e+02
   8.0314425e+02
   8.0346804e+02
   8.0379179e+02
   8.0411548e+02
   8.0443912e+02
   8.0476271e+02
   8.0508625e+02
   8.0540973e+02
   8.0573317e+02
   8.0605656e+02
   8.0637989e+02
   8.0670317e+02
   8.0702641e+02
   8.0734959e+02
   8.0767272e+02
   8.0799580e+02
   8.0831883e+02
   8.0864181e+02
   8.0896473e+02
   8.0928761e+02
   8.0961043e+02
   8.0993321e+02
   8.1025593e+02
   8.1057860e+02
   8.1090122e+02
   8.1122379e+02
   8.1154631e+02
   8.1186878e+02
   8.1219119e+02
   8.1251356e+02
   8.1283587e+02
   8.1315814e+02
   8.1348035e+02
   8.1380251e+02
   8.1412462e+02
   8.1444668e+02
   8.1476868e+02
   8.1509064e+02
   8.1541254e+02
   8.1573440e+02
   8.1605620e+02
   8.1637795e+02
   8.1669965e+02
   8.1702130e+02
   8.1734290e+02
   8.1766445e+02
   8.1798594e+02
   8.1830738e+02
   8.1862878e+02
   8.1895012e+02
   8.1927141e+02
   8.1959265e+02
   8.1991384e+02
   8.2023497e+02
   8.2055606e+02
   8.2087709e+02
   8.2119807e+02
   8.2151901e+02
   8.2183988e+02
   8.2216071e+02
   8.2248149e+02
   8.2280222e+02
   8.2312289e+02
   8.2344351e+02
   8.2376409e+02
   8.2408461e+02
   8.2440508e+02
   8.2472549e+02
   8.2504586e+02
   8.2536618e+02
   8.2568644e+02
   8.2600665e+02
   8.2632681e+02
   8.2664692e+02
   8.2696698e+02
   8.2728699e+02
   8.2760694e+02
   8.2792685e+02
   8.2824670e+02
   8.2856650e+02
   8.2888625e+02
   8.2920595e+02
   8.2952559e+02
   8.2984519e+02
   8.3016473e+02
   8.3048422e+02
   8.3080366e+02
   8.3112305e+02
   8.3144239e+02
   8.3176167e+02
   8.3208091e+02
   8.3240009e+02
   8.3271922e+02
   8.3303830e+02
   8.3335733e+02
   8.3367631e+02
   8.3399523e+02
   8.3431410e+02
   8.3463293e+02
   8.3495170e+02
   8.3527041e+02
   8.3558908e+02
   8.3590770e+02
   8.3622626e+02
   8.3654477e+02
   8.3686323e+02
   8.3718164e+02
   8.3750000e+02
   8.3781830e+02
   8.3813656e+02
   8.3845476e+02
   8.3877291e+02
   8.3909101e+02
   8.3940905e+02
   8.3972705e+02
   8.4004499e+02
   8.4036288e+02
   8.4068072e+02
   8.4099851e+02
   8.4131625e+02
   8.4163393e+02
   8.4195157e+02
   8.4226915e+02
   8.4258668e+02
   8.4290415e+02
   8.4322158e+02
   8.4353895e+02
   8.4385628e+02
   8.4417355e+02
   8.4449076e+02
   8.4480793e+02
   8.4512505e+02
   8.4544211e+02
   8.4575912e+02
   8.4607608e+02
   8.4639299e+02
   8.4670984e+02
   8.4702665e+02
   8.4734340e+02
   8.4766010e+02
   8.4797675e+02
   8.4829334e+02
   8.4860989e+02
   8.4892638e+02
   8.4924282e+02
   8.4955921e+02
   8.4987554e+02
