   3.8035900e+02
   3.8073900e+02
   3.8111900e+02
   3.8149800e+02
   3.8187800e+02
   3.8225700e+02
   3.8263700e+02
   3.8301600e+02
   3.8339600e+02
   3.8377500e+02
   3.8415400e+02
   3.8453300e+02
   3.8491300e+02
   3.8529200e+02
   3.8567100e+02
   3.8605000e+02
   3.8642900e+02
   3.8680800e+02
   3.8718700e+02
   3.8756600e+02
   3.8794500e+02
   3.8832400e+02
   3.8870200e+02
   3.8908100e+02
   3.8946000e+02
   3.8983800e+02
   3.9021700e+02
   3.9059600e+02
   3.9097400e+02
   3.9135300e+02
   3.9173100e+02
   3.9210900e+02
   3.9248800e+02
   3.9286600e+02
   3.9324400e+02
   3.9362300e+02
   3.9400100e+02
   3.9437900e+02
   3.9475700e+02
   3.9513500e+02
   3.9551300e+02
   3.9589100e+02
   3.9626900e+02
   3.9664700e+02
   3.9702500e+02
   3.9740200e+02
   3.9778000e+02
   3.9815800e+02
   3.9853600e+02
   3.9891300e+02
   3.9929100e+02
   3.9966800e+02
   4.0004600e+02
   4.0042300e+02
   4.0080100e+02
   4.0117800e+02
   4.0155500e+02
   4.0193300e+02
   4.0231000e+02
   4.0268700e+02
   4.0306400e+02
   4.0344100e+02
   4.0381900e+02
   4.0419600e+02
   4.0457300e+02
   4.0495000e+02
   4.0532600e+02
   4.0570300e+02
   4.0608000e+02
   4.0645700e+02
   4.0683400e+02
   4.0721000e+02
   4.0758700e+02
   4.0796400e+02
   4.0834000e+02
   4.0871700e+02
   4.0909300e+02
   4.0947000e+02
   4.0984600e+02
   4.1022200e+02
   4.1059900e+02
   4.1097500e+02
   4.1135100e+02
   4.1172700e+02
   4.1210300e+02
   4.1247900e+02
   4.1285600e+02
   4.1323200e+02
   4.1360800e+02
   4.1398300e+02
   4.1435900e+02
   4.1473500e+02
   4.1511100e+02
   4.1548700e+02
   4.1586200e+02
   4.1623800e+02
   4.1661400e+02
   4.1698900e+02
   4.1736500e+02
   4.1774000e+02
   4.1811600e+02
   4.1849100e+02
   4.1886600e+02
   4.1924200e+02
   4.1961700e+02
   4.1999200e+02
   4.2036700e+02
   4.2074300e+02
   4.2111800e+02
   4.2149300e+02
   4.2186800e+02
   4.2224300e+02
   4.2261800e+02
   4.2299300e+02
   4.2336700e+02
   4.2374200e+02
   4.2411700e+02
   4.2449200e+02
   4.2486600e+02
   4.2524100e+02
   4.2561600e+02
   4.2599000e+02
   4.2636500e+02
   4.2673900e+02
   4.2711400e+02
   4.2748800e+02
   4.2786200e+02
   4.2823600e+02
   4.2861100e+02
   4.2898500e+02
   4.2935900e+02
   4.2973300e+02
   4.3010700e+02
   4.3048100e+02
   4.3085500e+02
   4.3122900e+02
   4.3160300e+02
   4.3197700e+02
   4.3235100e+02
   4.3272500e+02
   4.3309800e+02
   4.3347200e+02
   4.3384600e+02
   4.3421900e+02
   4.3459300e+02
   4.3496600e+02
   4.3534000e+02
   4.3571300e+02
   4.3608600e+02
   4.3646000e+02
   4.3683300e+02
   4.3720600e+02
   4.3757900e+02
   4.3795300e+02
   4.3832600e+02
   4.3869900e+02
   4.3907200e+02
   4.3944500e+02
   4.3981800e+02
   4.4019100e+02
   4.4056400e+02
   4.4093600e+02
   4.4130900e+02
   4.4168200e+02
   4.4205500e+02
   4.4242700e+02
   4.4280000e+02
   4.4317200e+02
   4.4354500e+02
   4.4391700e+02
   4.4429000e+02
   4.4466200e+02
   4.4503400e+02
   4.4540700e+02
   4.4577900e+02
   4.4615100e+02
   4.4652300e+02
   4.4689500e+02
   4.4726700e+02
   4.4763900e+02
   4.4801100e+02
   4.4838300e+02
   4.4875500e+02
   4.4912700e+02
   4.4949900e+02
   4.4987100e+02
   4.5024200e+02
   4.5061400e+02
   4.5098600e+02
   4.5135700e+02
   4.5172900e+02
   4.5210000e+02
   4.5247200e+02
   4.5284300e+02
   4.5321500e+02
   4.5358600e+02
   4.5395700e+02
   4.5432800e+02
   4.5470000e+02
   4.5507100e+02
   4.5544200e+02
   4.5581300e+02
   4.5618400e+02
   4.5655500e+02
   4.5692600e+02
   4.5729700e+02
   4.5766800e+02
   4.5803800e+02
   4.5840900e+02
   4.5878000e+02
   4.5915100e+02
   4.5952100e+02
   4.5989200e+02
   4.6026200e+02
   4.6063300e+02
   4.6100300e+02
   4.6137400e+02
   4.6174400e+02
   4.6211400e+02
   4.6248500e+02
   4.6285500e+02
   4.6322500e+02
   4.6359500e+02
   4.6396500e+02
   4.6433500e+02
   4.6470500e+02
   4.6507500e+02
   4.6544500e+02
   4.6581500e+02
   4.6618500e+02
   4.6655500e+02
   4.6692500e+02
   4.6729400e+02
   4.6766400e+02
   4.6803400e+02
   4.6840300e+02
   4.6877300e+02
   4.6914200e+02
   4.6951200e+02
   4.6988100e+02
   4.7025000e+02
   4.7062000e+02
   4.7098900e+02
   4.7135800e+02
   4.7172700e+02
   4.7209700e+02
   4.7246600e+02
   4.7283500e+02
   4.7320400e+02
   4.7357300e+02
   4.7394200e+02
   4.7431000e+02
   4.7467900e+02
   4.7504800e+02
   4.7541700e+02
   4.7578500e+02
   4.7615400e+02
   4.7652300e+02
   4.7689100e+02
   4.7726000e+02
   4.7762800e+02
   4.7799700e+02
   4.7836500e+02
   4.7873300e+02
   4.7910200e+02
   4.7947000e+02
   4.7983800e+02
   4.8020600e+02
   4.8057400e+02
   4.8094300e+02
   4.8131100e+02
   4.8167900e+02
   4.8204600e+02
   4.8241400e+02
   4.8278200e+02
   4.8315000e+02
   4.8351800e+02
   4.8388600e+02
   4.8425300e+02
   4.8462100e+02
   4.8498800e+02
   4.8535600e+02
   4.8572300e+02
   4.8609100e+02
   4.8645800e+02
   4.8682600e+02
   4.8719300e+02
   4.8756000e+02
   4.8792800e+02
   4.8829500e+02
   4.8866200e+02
   4.8902900e+02
   4.8939600e+02
   4.8976300e+02
   4.9013000e+02
   4.9049700e+02
   4.9086400e+02
   4.9123100e+02
   4.9159700e+02
   4.9196400e+02
   4.9233100e+02
   4.9269800e+02
   4.9306400e+02
   4.9343100e+02
   4.9379700e+02
   4.9416400e+02
   4.9453000e+02
   4.9489700e+02
   4.9526300e+02
   4.9562900e+02
   4.9599500e+02
   4.9636200e+02
   4.9672800e+02
   4.9709400e+02
   4.9746000e+02
   4.9782600e+02
   4.9819200e+02
   4.9855800e+02
   4.9892400e+02
   4.9929000e+02
   4.9965600e+02
   5.0002100e+02
   5.0038700e+02
   5.0075300e+02
   5.0111800e+02
   5.0148400e+02
   5.0184900e+02
   5.0221500e+02
   5.0258000e+02
   5.0294600e+02
   5.0331100e+02
   5.0367700e+02
   5.0404200e+02
   5.0440700e+02
   5.0477200e+02
   5.0513700e+02
   5.0550200e+02
   5.0586800e+02
   5.0623300e+02
   5.0659700e+02
   5.0696200e+02
   5.0732700e+02
   5.0769200e+02
   5.0805700e+02
   5.0842200e+02
   5.0878600e+02
   5.0915100e+02
   5.0951600e+02
   5.0988000e+02
   5.1024500e+02
   5.1060900e+02
   5.1097400e+02
   5.1133800e+02
   5.1170200e+02
   5.1206700e+02
   5.1243100e+02
   5.1279500e+02
   5.1315900e+02
   5.1352300e+02
   5.1388700e+02
   5.1425100e+02
   5.1461500e+02
   5.1497900e+02
   5.1534300e+02
   5.1570700e+02
   5.1607100e+02
   5.1643500e+02
   5.1679800e+02
   5.1716200e+02
   5.1752600e+02
   5.1788900e+02
   5.1825300e+02
   5.1861600e+02
   5.1898000e+02
   5.1934300e+02
   5.1970600e+02
   5.2007000e+02
   5.2043300e+02
   5.2079600e+02
   5.2115900e+02
   5.2152200e+02
   5.2188500e+02
   5.2224800e+02
   5.2261100e+02
   5.2297400e+02
   5.2333700e+02
   5.2370000e+02
   5.2406300e+02
   5.2442600e+02
   5.2478800e+02
   5.2515100e+02
   5.2551400e+02
   5.2587600e+02
   5.2623900e+02
   5.2660100e+02
   5.2696400e+02
   5.2732600e+02
   5.2768900e+02
   5.2805100e+02
   5.2841300e+02
   5.2877500e+02
   5.2913800e+02
   5.2950000e+02
   5.2986200e+02
   5.3022400e+02
   5.3058600e+02
   5.3094800e+02
   5.3131000e+02
   5.3167100e+02
   5.3203300e+02
   5.3239500e+02
   5.3275700e+02
   5.3311800e+02
   5.3348000e+02
   5.3384200e+02
   5.3420300e+02
   5.3456500e+02
   5.3492600e+02
   5.3528800e+02
   5.3564900e+02
   5.3601000e+02
   5.3637200e+02
   5.3673300e+02
   5.3709400e+02
   5.3745500e+02
   5.3781600e+02
   5.3817700e+02
   5.3853800e+02
   5.3889900e+02
   5.3926000e+02
   5.3962100e+02
   5.3998200e+02
   5.4034300e+02
   5.4070300e+02
   5.4106400e+02
   5.4142500e+02
   5.4178500e+02
   5.4214600e+02
   5.4250600e+02
   5.4286700e+02
   5.4322700e+02
   5.4358700e+02
   5.4394800e+02
   5.4430800e+02
   5.4466800e+02
   5.4502800e+02
   5.4538900e+02
   5.4574900e+02
   5.4610900e+02
   5.4646900e+02
   5.4682900e+02
   5.4718900e+02
   5.4754800e+02
   5.4790800e+02
   5.4826800e+02
   5.4862800e+02
   5.4898700e+02
   5.4934700e+02
   5.4970700e+02
   5.5006600e+02
   5.5042600e+02
   5.5078500e+02
   5.5114500e+02
   5.5150400e+02
   5.5186300e+02
   5.5222200e+02
   5.5258200e+02
   5.5294100e+02
   5.5330000e+02
   5.5365900e+02
   5.5401800e+02
   5.5437700e+02
   5.5473600e+02
   5.5509500e+02
   5.5545400e+02
   5.5581300e+02
   5.5617100e+02
   5.5653000e+02
   5.5688900e+02
   5.5724700e+02
   5.5760600e+02
   5.5796500e+02
   5.5832300e+02
   5.5868200e+02
   5.5904000e+02
   5.5939800e+02
   5.5975700e+02
   5.6011500e+02
   5.6047300e+02
   5.6083100e+02
   5.6118900e+02
   5.6154700e+02
   5.6190500e+02
   5.6226300e+02
   5.6262100e+02
   5.6297900e+02
   5.6333700e+02
   5.6369500e+02
   5.6405300e+02
   5.6441000e+02
   5.6476800e+02
   5.6512600e+02
   5.6548300e+02
   5.6584100e+02
   5.6619800e+02
   5.6655600e+02
   5.6691300e+02
   5.6727100e+02
   5.6762800e+02
   5.6798500e+02
   5.6834200e+02
   5.6869900e+02
   5.6905700e+02
   5.6941400e+02
   5.6977100e+02
   5.7012800e+02
   5.7048500e+02
   5.7084100e+02
   5.7119800e+02
   5.7155500e+02
   5.7191200e+02
   5.7226900e+02
   5.7262500e+02
   5.7298200e+02
   5.7333800e+02
   5.7369500e+02
   5.7405100e+02
   5.7440800e+02
   5.7476400e+02
   5.7512100e+02
   5.7547700e+02
   5.7583300e+02
   5.7618900e+02
   5.7654500e+02
   5.7690200e+02
   5.7725800e+02
   5.7761400e+02
   5.7797000e+02
   5.7832500e+02
   5.7868100e+02
   5.7903700e+02
   5.7939300e+02
   5.7974900e+02
   5.8010400e+02
   5.8046000e+02
   5.8081600e+02
   5.8117100e+02
   5.8152700e+02
   5.8188200e+02
   5.8223800e+02
   5.8259300e+02
   5.8294800e+02
   5.8330300e+02
   5.8365900e+02
   5.8401400e+02
   5.8436900e+02
   5.8472400e+02
   5.8507900e+02
   5.8543400e+02
   5.8578900e+02
   5.8614400e+02
   5.8649900e+02
   5.8685400e+02
   5.8720800e+02
   5.8756300e+02
   5.8791800e+02
   5.8827200e+02
   5.8862700e+02
   5.8898200e+02
   5.8933600e+02
   5.8969000e+02
   5.9004500e+02
   5.9039900e+02
   5.9075400e+02
   5.9110800e+02
   5.9146200e+02
   5.9181600e+02
   5.9217000e+02
   5.9252400e+02
   5.9287800e+02
   5.9323200e+02
   5.9358600e+02
   5.9394000e+02
   5.9429400e+02
   5.9464800e+02
   5.9500200e+02
   5.9535500e+02
   5.9570900e+02
   5.9606200e+02
   5.9641600e+02
   5.9677000e+02
   5.9712300e+02
   5.9747600e+02
   5.9783000e+02
   5.9818300e+02
   5.9853600e+02
   5.9889000e+02
   5.9924300e+02
   5.9959600e+02
   5.9994900e+02
   6.0030200e+02
   6.0065500e+02
   6.0100800e+02
   6.0136100e+02
   6.0171400e+02
   6.0206700e+02
   6.0241900e+02
   6.0277200e+02
   6.0312500e+02
   6.0347700e+02
   6.0383000e+02
   6.0418200e+02
   6.0453500e+02
   6.0488700e+02
   6.0524000e+02
   6.0559200e+02
   6.0594400e+02
   6.0629700e+02
   6.0664900e+02
   6.0700100e+02
   6.0735300e+02
   6.0770500e+02
   6.0805700e+02
   6.0840900e+02
   6.0876100e+02
   6.0911300e+02
   6.0946500e+02
   6.0981700e+02
   6.1016800e+02
   6.1052000e+02
   6.1087200e+02
   6.1122300e+02
   6.1157500e+02
   6.1192600e+02
   6.1227800e+02
   6.1262900e+02
   6.1298100e+02
   6.1333200e+02
   6.1368300e+02
   6.1403400e+02
   6.1438600e+02
   6.1473700e+02
   6.1508800e+02
   6.1543900e+02
   6.1579000e+02
   6.1614100e+02
   6.1649200e+02
   6.1684200e+02
   6.1719300e+02
   6.1754400e+02
   6.1789500e+02
   6.1824500e+02
   6.1859600e+02
   6.1894700e+02
   6.1929700e+02
   6.1964800e+02
   6.1999800e+02
   6.2034800e+02
   6.2069900e+02
   6.2104900e+02
   6.2139900e+02
   6.2174900e+02
   6.2210000e+02
   6.2245000e+02
   6.2280000e+02
   6.2315000e+02
   6.2350000e+02
   6.2385000e+02
   6.2419900e+02
   6.2454900e+02
   6.2489900e+02
   6.2524900e+02
   6.2559800e+02
   6.2594800e+02
   6.2629800e+02
   6.2664700e+02
   6.2699700e+02
   6.2734600e+02
   6.2769500e+02
   6.2804500e+02
   6.2839400e+02
   6.2874300e+02
   6.2909200e+02
   6.2944200e+02
   6.2979100e+02
   6.3014000e+02
   6.3048900e+02
   6.3083800e+02
   6.3118700e+02
   6.3153600e+02
   6.3188400e+02
   6.3223300e+02
   6.3258200e+02
   6.3293100e+02
   6.3327900e+02
   6.3362800e+02
   6.3397600e+02
   6.3432500e+02
   6.3467300e+02
   6.3502200e+02
   6.3537000e+02
   6.3571800e+02
   6.3606700e+02
   6.3641500e+02
   6.3676300e+02
   6.3711100e+02
   6.3745900e+02
   6.3780700e+02
   6.3815500e+02
   6.3850300e+02
   6.3885100e+02
   6.3919900e+02
   6.3954600e+02
   6.3989400e+02
   6.4024200e+02
   6.4059000e+02
   6.4093700e+02
   6.4128500e+02
   6.4163200e+02
   6.4198000e+02
   6.4232700e+02
   6.4267400e+02
   6.4302200e+02
   6.4336900e+02
   6.4371600e+02
   6.4406300e+02
   6.4441000e+02
   6.4475800e+02
   6.4510500e+02
   6.4545200e+02
   6.4579800e+02
   6.4614500e+02
   6.4649200e+02
   6.4683900e+02
   6.4718600e+02
   6.4753200e+02
   6.4787900e+02
   6.4822600e+02
   6.4857200e+02
   6.4891900e+02
   6.4926500e+02
   6.4961100e+02
   6.4995800e+02
   6.5030400e+02
   6.5065000e+02
   6.5099700e+02
   6.5134300e+02
   6.5168900e+02
   6.5203500e+02
   6.5238100e+02
   6.5272700e+02
   6.5307300e+02
   6.5341900e+02
   6.5376500e+02
   6.5411000e+02
   6.5445600e+02
   6.5480200e+02
   6.5514700e+02
   6.5549300e+02
   6.5583900e+02
   6.5618400e+02
   6.5653000e+02
   6.5687500e+02
   6.5722000e+02
   6.5756600e+02
   6.5791100e+02
   6.5825600e+02
   6.5860100e+02
   6.5894600e+02
   6.5929100e+02
   6.5963600e+02
   6.5998100e+02
   6.6032600e+02
   6.6067100e+02
   6.6101600e+02
   6.6136100e+02
   6.6170600e+02
   6.6205000e+02
   6.6239500e+02
   6.6273900e+02
   6.6308400e+02
   6.6342800e+02
   6.6377300e+02
   6.6411700e+02
   6.6446200e+02
   6.6480600e+02
   6.6515000e+02
   6.6549400e+02
   6.6583900e+02
   6.6618300e+02
   6.6652700e+02
   6.6687100e+02
   6.6721500e+02
   6.6755900e+02
   6.6790300e+02
   6.6824600e+02
   6.6859000e+02
   6.6893400e+02
   6.6927800e+02
   6.6962100e+02
   6.6996500e+02
   6.7030800e+02
   6.7065200e+02
   6.7099500e+02
   6.7133900e+02
   6.7168200e+02
   6.7202500e+02
   6.7236800e+02
   6.7271200e+02
   6.7305500e+02
   6.7339800e+02
   6.7374100e+02
   6.7408400e+02
   6.7442700e+02
   6.7477000e+02
   6.7511300e+02
   6.7545500e+02
   6.7579800e+02
   6.7614100e+02
   6.7648400e+02
   6.7682600e+02
   6.7716900e+02
   6.7751100e+02
   6.7785400e+02
   6.7819600e+02
   6.7853900e+02
   6.7888100e+02
   6.7922300e+02
   6.7956500e+02
   6.7990800e+02
   6.8025000e+02
   6.8059200e+02
   6.8093400e+02
   6.8127600e+02
   6.8161800e+02
   6.8196000e+02
   6.8230200e+02
   6.8264300e+02
   6.8298500e+02
   6.8332700e+02
   6.8366900e+02
   6.8401000e+02
   6.8435200e+02
   6.8469300e+02
   6.8503500e+02
   6.8537600e+02
   6.8571700e+02
   6.8605900e+02
   6.8640000e+02
   6.8674100e+02
   6.8708200e+02
   6.8742400e+02
   6.8776500e+02
   6.8810600e+02
   6.8844700e+02
   6.8878800e+02
   6.8912800e+02
   6.8946900e+02
   6.8981000e+02
   6.9015100e+02
   6.9049100e+02
   6.9083200e+02
   6.9117300e+02
   6.9151300e+02
   6.9185400e+02
   6.9219400e+02
   6.9253500e+02
   6.9287500e+02
   6.9321500e+02
   6.9355500e+02
   6.9389600e+02
   6.9423600e+02
   6.9457600e+02
   6.9491600e+02
   6.9525600e+02
   6.9559600e+02
   6.9593600e+02
   6.9627600e+02
   6.9661500e+02
   6.9695500e+02
   6.9729500e+02
   6.9763500e+02
   6.9797400e+02
   6.9831400e+02
   6.9865300e+02
   6.9899300e+02
   6.9933200e+02
   6.9967200e+02
   7.0001100e+02
   7.0035000e+02
   7.0068900e+02
   7.0102900e+02
   7.0136800e+02
   7.0170700e+02
   7.0204600e+02
   7.0238500e+02
   7.0272400e+02
   7.0306300e+02
   7.0340200e+02
   7.0374000e+02
   7.0407900e+02
   7.0441800e+02
   7.0475600e+02
   7.0509500e+02
   7.0543400e+02
   7.0577200e+02
   7.0611100e+02
   7.0644900e+02
   7.0678700e+02
   7.0712600e+02
   7.0746400e+02
   7.0780200e+02
   7.0814000e+02
   7.0847800e+02
   7.0881600e+02
   7.0915400e+02
   7.0949200e+02
   7.0983000e+02
   7.1016800e+02
   7.1050600e+02
   7.1084400e+02
   7.1118100e+02
   7.1151900e+02
   7.1185700e+02
   7.1219400e+02
   7.1253200e+02
   7.1286900e+02
   7.1320700e+02
   7.1354400e+02
   7.1388100e+02
   7.1421900e+02
   7.1455600e+02
   7.1489300e+02
   7.1523000e+02
   7.1556700e+02
   7.1590400e+02
   7.1624100e+02
   7.1657800e+02
   7.1691500e+02
   7.1725200e+02
   7.1758900e+02
   7.1792500e+02
   7.1826200e+02
   7.1859900e+02
   7.1893500e+02
   7.1927200e+02
   7.1960800e+02
   7.1994500e+02
   7.2028100e+02
   7.2061800e+02
   7.2095400e+02
   7.2129000e+02
   7.2162600e+02
   7.2196200e+02
   7.2229900e+02
   7.2263500e+02
   7.2297100e+02
   7.2330700e+02
   7.2364200e+02
   7.2397800e+02
   7.2431400e+02
   7.2465000e+02
   7.2498600e+02
   7.2532100e+02
   7.2565700e+02
   7.2599200e+02
   7.2632800e+02
   7.2666300e+02
   7.2699900e+02
   7.2733400e+02
   7.2766900e+02
   7.2800500e+02
   7.2834000e+02
   7.2867500e+02
   7.2901000e+02
   7.2934500e+02
   7.2968000e+02
   7.3001500e+02
   7.3035000e+02
   7.3068500e+02
   7.3102000e+02
   7.3135500e+02
   7.3168900e+02
   7.3202400e+02
   7.3235900e+02
   7.3269300e+02
   7.3302800e+02
   7.3336200e+02
   7.3369700e+02
   7.3403100e+02
   7.3436500e+02
   7.3470000e+02
   7.3503400e+02
   7.3536800e+02
   7.3570200e+02
   7.3603600e+02
   7.3637000e+02
   7.3670400e+02
   7.3703800e+02
   7.3737200e+02
   7.3770600e+02
   7.3804000e+02
   7.3837300e+02
   7.3870700e+02
   7.3904100e+02
   7.3937400e+02
   7.3970800e+02
   7.4004100e+02
   7.4037500e+02
   7.4070800e+02
   7.4104100e+02
   7.4137500e+02
   7.4170800e+02
   7.4204100e+02
   7.4237400e+02
   7.4270700e+02
   7.4304000e+02
   7.4337300e+02
   7.4370600e+02
   7.4403900e+02
   7.4437200e+02
   7.4470500e+02
   7.4503800e+02
   7.4537000e+02
   7.4570300e+02
   7.4603600e+02
   7.4636800e+02
   7.4670100e+02
   7.4703300e+02
   7.4736500e+02
   7.4769800e+02
   7.4803000e+02
   7.4836200e+02
   7.4869400e+02
   7.4902700e+02
   7.4935900e+02
   7.4969100e+02
   7.5002300e+02
   7.5035500e+02
   7.5068700e+02
   7.5101800e+02
   7.5135000e+02
   7.5168200e+02
   7.5201400e+02
   7.5234500e+02
   7.5267700e+02
   7.5300800e+02
   7.5334000e+02
   7.5367100e+02
   7.5400300e+02
   7.5433400e+02
   7.5466500e+02
   7.5499700e+02
   7.5532800e+02
   7.5565900e+02
   7.5599000e+02
   7.5632100e+02
   7.5665200e+02
   7.5698300e+02
   7.5731400e+02
   7.5764500e+02
   7.5797600e+02
   7.5830600e+02
   7.5863700e+02
   7.5896800e+02
   7.5929800e+02
   7.5962900e+02
   7.5995900e+02
   7.6029000e+02
   7.6062000e+02
   7.6095100e+02
   7.6128100e+02
   7.6161100e+02
   7.6194100e+02
   7.6227200e+02
   7.6260200e+02
   7.6293200e+02
   7.6326200e+02
   7.6359200e+02
   7.6392200e+02
   7.6425100e+02
   7.6458100e+02
   7.6491100e+02
   7.6524100e+02
   7.6557000e+02
   7.6590000e+02
   7.6622900e+02
   7.6655900e+02
   7.6688800e+02
   7.6721800e+02
   7.6754700e+02
   7.6787600e+02
   7.6820600e+02
   7.6853500e+02
   7.6886400e+02
   7.6919300e+02
   7.6952200e+02
   7.6985100e+02
   7.7018000e+02
   7.7050900e+02
   7.7083800e+02
   7.7116700e+02
   7.7149500e+02
   7.7182400e+02
   7.7215300e+02
   7.7248100e+02
   7.7281000e+02
   7.7313800e+02
   7.7346700e+02
   7.7379500e+02
   7.7412400e+02
   7.7445200e+02
   7.7478000e+02
   7.7510800e+02
   7.7543700e+02
   7.7576500e+02
   7.7609300e+02
   7.7642100e+02
   7.7674900e+02
   7.7707600e+02
   7.7740400e+02
   7.7773200e+02
   7.7806000e+02
   7.7838800e+02
   7.7871500e+02
   7.7904300e+02
   7.7937000e+02
   7.7969800e+02
   7.8002500e+02
   7.8035300e+02
   7.8068000e+02
   7.8100700e+02
   7.8133500e+02
   7.8166200e+02
   7.8198900e+02
   7.8231600e+02
   7.8264300e+02
   7.8297000e+02
   7.8329700e+02
   7.8362400e+02
   7.8395100e+02
   7.8427700e+02
   7.8460400e+02
   7.8493100e+02
   7.8525700e+02
   7.8558400e+02
   7.8591100e+02
   7.8623700e+02
   7.8656300e+02
   7.8689000e+02
   7.8721600e+02
   7.8754200e+02
   7.8786900e+02
   7.8819500e+02
   7.8852100e+02
   7.8884700e+02
   7.8917300e+02
   7.8949900e+02
   7.8982500e+02
   7.9015100e+02
   7.9047700e+02
   7.9080200e+02
   7.9112800e+02
   7.9145400e+02
   7.9177900e+02
   7.9210500e+02
   7.9243100e+02
   7.9275600e+02
   7.9308100e+02
   7.9340700e+02
   7.9373200e+02
   7.9405700e+02
   7.9438300e+02
   7.9470800e+02
   7.9503300e+02
   7.9535800e+02
   7.9568300e+02
   7.9600800e+02
   7.9633300e+02
   7.9665800e+02
   7.9698300e+02
   7.9730700e+02
   7.9763200e+02
   7.9795700e+02
   7.9828100e+02
   7.9860600e+02
   7.9893000e+02
   7.9925500e+02
   7.9957900e+02
   7.9990400e+02
   8.0022800e+02
   8.0055200e+02
   8.0087600e+02
   8.0120000e+02
   8.0152500e+02
   8.0184900e+02
   8.0217300e+02
   8.0249700e+02
   8.0282000e+02
   8.0314400e+02
   8.0346800e+02
   8.0379200e+02
   8.0411500e+02
   8.0443900e+02
   8.0476300e+02
   8.0508600e+02
   8.0541000e+02
   8.0573300e+02
   8.0605700e+02
   8.0638000e+02
   8.0670300e+02
   8.0702600e+02
   8.0735000e+02
   8.0767300e+02
   8.0799600e+02
   8.0831900e+02
   8.0864200e+02
   8.0896500e+02
   8.0928800e+02
   8.0961000e+02
   8.0993300e+02
   8.1025600e+02
   8.1057900e+02
   8.1090100e+02
   8.1122400e+02
   8.1154600e+02
   8.1186900e+02
   8.1219100e+02
   8.1251400e+02
   8.1283600e+02
   8.1315800e+02
   8.1348000e+02
   8.1380300e+02
   8.1412500e+02
   8.1444700e+02
   8.1476900e+02
   8.1509100e+02
   8.1541300e+02
   8.1573400e+02
   8.1605600e+02
   8.1637800e+02
   8.1670000e+02
   8.1702100e+02
   8.1734300e+02
   8.1766400e+02
   8.1798600e+02
   8.1830700e+02
   8.1862900e+02
   8.1895000e+02
   8.1927100e+02
   8.1959300e+02
   8.1991400e+02
   8.2023500e+02
   8.2055600e+02
   8.2087700e+02
   8.2119800e+02
   8.2151900e+02
   8.2184000e+02
   8.2216100e+02
   8.2248100e+02
   8.2280200e+02
   8.2312300e+02
   8.2344400e+02
   8.2376400e+02
   8.2408500e+02
   8.2440500e+02
   8.2472500e+02
   8.2504600e+02
   8.2536600e+02
   8.2568600e+02
   8.2600700e+02
   8.2632700e+02
   8.2664700e+02
   8.2696700e+02
   8.2728700e+02
   8.2760700e+02
   8.2792700e+02
   8.2824700e+02
   8.2856600e+02
   8.2888600e+02
   8.2920600e+02
   8.2952600e+02
   8.2984500e+02
   8.3016500e+02
   8.3048400e+02
   8.3080400e+02
   8.3112300e+02
   8.3144200e+02
   8.3176200e+02
   8.3208100e+02
   8.3240000e+02
   8.3271900e+02
   8.3303800e+02
   8.3335700e+02
   8.3367600e+02
   8.3399500e+02
   8.3431400e+02
   8.3463300e+02
   8.3495200e+02
   8.3527000e+02
   8.3558900e+02
   8.3590800e+02
   8.3622600e+02
   8.3654500e+02
   8.3686300e+02
   8.3718200e+02
   8.3750000e+02
   8.3781800e+02
   8.3813700e+02
   8.3845500e+02
   8.3877300e+02
   8.3909100e+02
   8.3940900e+02
   8.3972700e+02
   8.4004500e+02
   8.4036300e+02
   8.4068100e+02
   8.4099900e+02
   8.4131600e+02
   8.4163400e+02
   8.4195200e+02
   8.4226900e+02
   8.4258700e+02
   8.4290400e+02
   8.4322200e+02
   8.4353900e+02
   8.4385600e+02
   8.4417400e+02
   8.4449100e+02
   8.4480800e+02
   8.4512500e+02
   8.4544200e+02
   8.4575900e+02
   8.4607600e+02
   8.4639300e+02
   8.4671000e+02
   8.4702700e+02
   8.4734300e+02
   8.4766000e+02
   8.4797700e+02
   8.4829300e+02
   8.4861000e+02
   8.4892600e+02
   8.4924300e+02
   8.4955900e+02
   8.4987600e+02
   8.5019200e+02
   8.5050800e+02
   8.5082400e+02
   8.5114000e+02
   8.5145600e+02
   8.5177200e+02
   8.5208800e+02
   8.5240400e+02
   8.5272000e+02
   8.5303600e+02
   8.5335200e+02
   8.5366800e+02
   8.5398300e+02
   8.5429900e+02
   8.5461400e+02
   8.5493000e+02
   8.5524500e+02
   8.5556100e+02
   8.5587600e+02
   8.5619100e+02
   8.5650700e+02
   8.5682200e+02
   8.5713700e+02
   8.5745200e+02
   8.5776700e+02
   8.5808200e+02
   8.5839700e+02
   8.5871200e+02
   8.5902700e+02
   8.5934100e+02
   8.5965600e+02
   8.5997100e+02
   8.6028500e+02
   8.6060000e+02
   8.6091500e+02
   8.6122900e+02
   8.6154300e+02
   8.6185800e+02
   8.6217200e+02
   8.6248600e+02
   8.6280100e+02
   8.6311500e+02
   8.6342900e+02
   8.6374300e+02
   8.6405700e+02
   8.6437100e+02
   8.6468500e+02
   8.6499800e+02
   8.6531200e+02
   8.6562600e+02
   8.6594000e+02
   8.6625300e+02
   8.6656700e+02
   8.6688000e+02
   8.6719400e+02
   8.6750700e+02
   8.6782100e+02
   8.6813400e+02
   8.6844700e+02
   8.6876000e+02
   8.6907400e+02
   8.6938700e+02
   8.6970000e+02
   8.7001300e+02
   8.7032600e+02
   8.7063900e+02
   8.7095100e+02
   8.7126400e+02
   8.7157700e+02
   8.7189000e+02
   8.7220200e+02
   8.7251500e+02
   8.7282700e+02
   8.7314000e+02
   8.7345200e+02
   8.7376500e+02
   8.7407700e+02
   8.7438900e+02
   8.7470100e+02
   8.7501400e+02
   8.7532600e+02
   8.7563800e+02
   8.7595000e+02
   8.7626200e+02
   8.7657400e+02
   8.7688500e+02
   8.7719700e+02
   8.7750900e+02
   8.7782100e+02
   8.7813200e+02
   8.7844400e+02
   8.7875500e+02
   8.7906700e+02
   8.7937800e+02
   8.7969000e+02
   8.8000100e+02
   8.8031200e+02
   8.8062300e+02
   8.8093500e+02
   8.8124600e+02
   8.8155700e+02
   8.8186800e+02
   8.8217900e+02
   8.8249000e+02
   8.8280000e+02
   8.8311100e+02
   8.8342200e+02
   8.8373300e+02
   8.8404300e+02
   8.8435400e+02
   8.8466400e+02
   8.8497500e+02
   8.8528500e+02
   8.8559600e+02
   8.8590600e+02
   8.8621600e+02
   8.8652600e+02
   8.8683700e+02
   8.8714700e+02
   8.8745700e+02
   8.8776700e+02
   8.8807700e+02
   8.8838700e+02
   8.8869600e+02
   8.8900600e+02
   8.8931600e+02
   8.8962600e+02
   8.8993500e+02
   8.9024500e+02
   8.9055400e+02
   8.9086400e+02
   8.9117300e+02
   8.9148300e+02
   8.9179200e+02
   8.9210100e+02
   8.9241000e+02
   8.9271900e+02
   8.9302900e+02
   8.9333800e+02
   8.9364700e+02
   8.9395600e+02
   8.9426400e+02
   8.9457300e+02
   8.9488200e+02
   8.9519100e+02
   8.9549900e+02
   8.9580800e+02
   8.9611700e+02
   8.9642500e+02
   8.9673400e+02
   8.9704200e+02
   8.9735000e+02
   8.9765900e+02
   8.9796700e+02
   8.9827500e+02
   8.9858300e+02
   8.9889100e+02
   8.9919900e+02
   8.9950700e+02
   8.9981500e+02
   9.0012300e+02
   9.0043100e+02
   9.0073900e+02
   9.0104700e+02
   9.0135400e+02
   9.0166200e+02
   9.0196900e+02
   9.0227700e+02
   9.0258400e+02
   9.0289200e+02
   9.0319900e+02
   9.0350600e+02
   9.0381400e+02
   9.0412100e+02
   9.0442800e+02
   9.0473500e+02
   9.0504200e+02
   9.0534900e+02
   9.0565600e+02
   9.0596300e+02
   9.0627000e+02
   9.0657600e+02
   9.0688300e+02
   9.0719000e+02
   9.0749600e+02
   9.0780300e+02
   9.0810900e+02
   9.0841600e+02
   9.0872200e+02
   9.0902900e+02
   9.0933500e+02
   9.0964100e+02
   9.0994700e+02
   9.1025300e+02
   9.1056000e+02
   9.1086600e+02
   9.1117100e+02
   9.1147700e+02
   9.1178300e+02
   9.1208900e+02
   9.1239500e+02
   9.1270000e+02
   9.1300600e+02
   9.1331200e+02
   9.1361700e+02
   9.1392300e+02
   9.1422800e+02
   9.1453400e+02
   9.1483900e+02
   9.1514400e+02
   9.1544900e+02
   9.1575500e+02
   9.1606000e+02
   9.1636500e+02
   9.1667000e+02
   9.1697500e+02
   9.1728000e+02
   9.1758400e+02
   9.1788900e+02
   9.1819400e+02
   9.1849900e+02
   9.1880300e+02
   9.1910800e+02
   9.1941200e+02
   9.1971700e+02
   9.2002100e+02
   9.2032600e+02
   9.2063000e+02
   9.2093400e+02
   9.2123800e+02
   9.2154200e+02
   9.2184700e+02
   9.2215100e+02
   9.2245500e+02
   9.2275800e+02
   9.2306200e+02
   9.2336600e+02
   9.2367000e+02
   9.2397400e+02
   9.2427700e+02
   9.2458100e+02
   9.2488500e+02
   9.2518800e+02
   9.2549100e+02
   9.2579500e+02
   9.2609800e+02
   9.2640100e+02
   9.2670500e+02
   9.2700800e+02
   9.2731100e+02
   9.2761400e+02
   9.2791700e+02
   9.2822000e+02
   9.2852300e+02
   9.2882600e+02
   9.2912900e+02
   9.2943100e+02
   9.2973400e+02
   9.3003700e+02
   9.3033900e+02
   9.3064200e+02
   9.3094400e+02
   9.3124700e+02
   9.3154900e+02
   9.3185100e+02
   9.3215400e+02
   9.3245600e+02
   9.3275800e+02
   9.3306000e+02
   9.3336200e+02
   9.3366400e+02
   9.3396600e+02
   9.3426800e+02
   9.3457000e+02
   9.3487200e+02
   9.3517300e+02
   9.3547500e+02
   9.3577700e+02
   9.3607800e+02
   9.3638000e+02
   9.3668100e+02
   9.3698300e+02
   9.3728400e+02
   9.3758500e+02
   9.3788600e+02
   9.3818800e+02
   9.3848900e+02
   9.3879000e+02
   9.3909100e+02
   9.3939200e+02
   9.3969300e+02
   9.3999400e+02
   9.4029400e+02
   9.4059500e+02
   9.4089600e+02
   9.4119700e+02
   9.4149700e+02
   9.4179800e+02
   9.4209800e+02
   9.4239900e+02
   9.4269900e+02
   9.4299900e+02
   9.4330000e+02
   9.4360000e+02
   9.4390000e+02
   9.4420000e+02
   9.4450000e+02
   9.4480000e+02
   9.4510000e+02
   9.4540000e+02
   9.4570000e+02
   9.4600000e+02
   9.4629900e+02
   9.4659900e+02
   9.4689900e+02
   9.4719800e+02
   9.4749800e+02
   9.4779700e+02
   9.4809600e+02
   9.4839600e+02
   9.4869500e+02
   9.4899400e+02
   9.4929400e+02
   9.4959300e+02
   9.4989200e+02
   9.5019100e+02
   9.5049000e+02
   9.5078900e+02
   9.5108700e+02
   9.5138600e+02
   9.5168500e+02
   9.5198400e+02
   9.5228200e+02
   9.5258100e+02
   9.5287900e+02
   9.5317800e+02
   9.5347600e+02
   9.5377500e+02
   9.5407300e+02
   9.5437100e+02
   9.5467000e+02
   9.5496800e+02
   9.5526600e+02
   9.5556400e+02
   9.5586200e+02
   9.5616000e+02
   9.5645800e+02
   9.5675500e+02
   9.5705300e+02
   9.5735100e+02
   9.5764900e+02
   9.5794600e+02
   9.5824400e+02
   9.5854100e+02
   9.5883900e+02
   9.5913600e+02
   9.5943300e+02
   9.5973100e+02
   9.6002800e+02
   9.6032500e+02
   9.6062200e+02
   9.6091900e+02
   9.6121600e+02
   9.6151300e+02
   9.6181000e+02
   9.6210700e+02
   9.6240400e+02
   9.6270000e+02
   9.6299700e+02
   9.6329400e+02
   9.6359000e+02
   9.6388700e+02
   9.6418300e+02
   9.6448000e+02
   9.6477600e+02
   9.6507200e+02
   9.6536900e+02
   9.6566500e+02
   9.6596100e+02
   9.6625700e+02
   9.6655300e+02
   9.6684900e+02
   9.6714500e+02
   9.6744100e+02
   9.6773700e+02
   9.6803200e+02
   9.6832800e+02
   9.6862400e+02
   9.6891900e+02
   9.6921500e+02
   9.6951000e+02
   9.6980600e+02
   9.7010100e+02
   9.7039600e+02
   9.7069200e+02
   9.7098700e+02
   9.7128200e+02
   9.7157700e+02
   9.7187200e+02
   9.7216700e+02
   9.7246200e+02
   9.7275700e+02
   9.7305200e+02
   9.7334600e+02
   9.7364100e+02
   9.7393600e+02
   9.7423000e+02
   9.7452500e+02
   9.7481900e+02
   9.7511400e+02
   9.7540800e+02
   9.7570300e+02
   9.7599700e+02
   9.7629100e+02
   9.7658500e+02
   9.7687900e+02
   9.7717300e+02
   9.7746700e+02
   9.7776100e+02
   9.7805500e+02
   9.7834900e+02
   9.7864300e+02
   9.7893700e+02
   9.7923000e+02
   9.7952400e+02
   9.7981700e+02
